-- ====================================================
--   NEBULACRYPT  ::  https://discord.gg/7WxQVbCBzA
--   Join the Discord for support & updates!
-- ====================================================
-- Obfuscated by NebulaCrypt :: MEDIUM :: 2026-07-04T22:35:17.885Z
-- DO NOT EDIT. Re-obfuscate from source.
local _lIOIlIlo0loOsbbl={[20100]=20815,[20815]=20100,[40915]=8139};local _IIIoIolo0OIljgwl=function(_lllolIOO0oo0ekgi,_I1OIo1lll1lllhjm) return ((_lllolIOO0oo0ekgi or 20100)*(_I1OIo1lll1lllhjm or 1)+_lIOIlIlo0loOsbbl[20100])%4294967296 end;local _=_IIIoIolo0OIljgwl(20815,20100);
local _II1OoIoI1lo0cukg={[63171]=36243,[36243]=63171,[99414]=31568};local _IlIlllOl1Iloqtll=function(_oOoI1l0l0lIIudbh,_1olo00I1OOollljh) return ((_oOoI1l0l0lIIudbh or 63171)*(_1olo00I1OOollljh or 1)+_II1OoIoI1lo0cukg[63171])%4294967296 end;local _=_IlIlllOl1Iloqtll(36243,63171);
local _1IlOlolo0Io0vgle={[12934]=37541,[37541]=12934,[50475]=40995};local _OO0loI0lOO0olsed=function(_I1II1IOO10lIjlrm,_o1ll1oO1ooIorows) return ((_I1II1IOO10lIjlrm or 12934)*(_o1ll1oO1ooIorows or 1)+_1IlOlolo0Io0vgle[12934])%4294967296 end;local _=_OO0loI0lOO0olsed(37541,12934);
local _00OOIl11IIIllijr={[77017]=71784,[71784]=77017,[148801]=13489};local _III1oIlIllOOzlvb=function(_O0l001lI1llIgdyl,_OlI0I1lIllIlqton) return ((_O0l001lI1llIgdyl or 77017)*(_OlI0I1lIllIlqton or 1)+_00OOIl11IIIllijr[77017])%4294967296 end;local _=_III1oIlIllOOzlvb(71784,77017);
local _Il1Ilo1lolI0ltwl={[19342]=59611,[59611]=19342,[78953]=41813};local _I1OIOo01lIoIzufl=function(_10oll1lIl1oIlppq,_olIllO0oOlIllwis) return ((_10oll1lIl1oIlppq or 19342)*(_olIllO0oOlIllwis or 1)+_Il1Ilo1lolI0ltwl[19342])%4294967296 end;local _=_I1OIOo01lIoIzufl(59611,19342);
local _0Il0IIIIO1lOxhrt={[6061]=57155,[57155]=6061,[63216]=51438};local _IO00l0oOlIlIllhu=function(_oIllIlI0IIlIlyqt,_00Iol101IIlIllnt) return ((_oIllIlI0IIlIlyqt or 6061)*(_00Iol101IIlIllnt or 1)+_0Il0IIIIO1lOxhrt[6061])%4294967296 end;local _=_IO00l0oOlIlIllhu(57155,6061);
local _1IOlIoOIlIOIibll={[31879]=7668,[7668]=31879,[39547]=24947};local _lloI1lII0IO1ijhl=function(_OIl0Il0OOIIohllb,_Io1oI100lOo1jqmy) return ((_OIl0Il0OOIIohllb or 31879)*(_Io1oI100lOo1jqmy or 1)+_1IOlIoOIlIOIibll[31879])%4294967296 end;local _=_lloI1lII0IO1ijhl(7668,31879);
local _0Iol00llo11llqjt={[4586]=72583,[72583]=4586,[77169]=68205};local _IO1ooIlolol1lhkx=function(_ol1Olol0oOIOlklp,_OIl110ollII1xbkg) return ((_ol1Olol0oOIOlklp or 4586)*(_OIl110ollII1xbkg or 1)+_0Iol00llo11llqjt[4586])%4294967296 end;local _=_IO1ooIlolol1lhkx(72583,4586);
local _I10lllIllllllwhv=271;local _OIoO0IolIOIIollw=_I10lllIllllllwhv*3;local _lollOO10IOlllejh=(_OIoO0IolIOIIollw-_I10lllIllllllwhv)/(_I10lllIllllllwhv);if _lollOO10IOlllejh<0 or _lollOO10IOlllejh>59 then while true do end end;
local _IlolI1oI0IoOloxl={147,140,48,199,107,137,105,49,13,153,195,236,14,124,235,66,244,37,55,149,95,4,212,251,243,210,44,136,149,29,19,245,163,87,101,194,170,255,77,64,12,154,142,73,142,142,210,88,46,140,222,183,223,146,141,91,106,40,95,22,137,68,73,21,206,39,254,41,212,191,141,236,194,105,246,88,169,253,106,120,177,245,12,26,170,212,176,26,155,165,251,98,220,84,181,214,197,220,16,92,81,246,250,189,255,202,224,89,213,218,34,249,197,223,150,144,64,237,157,210,252,79,56,194,196,232,65,9,61,12,182,210,88,177,137,154,181,69,210,22,226,196,125,73,75,65,237,31,66,108,43,171,40,101,160,90,127,59,103,55,104,185,63,189,76,244,67,93,47,26,193,55,154,247,43,91,101,26,25,95,50,6,132,120,254,86,192,191,5,145,113,27,219,74,225,158,16,49,252,209,103,134,3,248,110,209,61,8,103,146,61,89,196,146,175,27,34,135,227,202,113,202,230,81,204,250,81,215,22,219,250,152,157,146,42,71,40,234,101,225,181,171,0,148,218,161,229,85,33,219,102,142,228,213,142,69,109,121,81,64,46,193,202,228,157,88,19,179,229,40,15,104,249,149,111,191,86,34,2,200,128,64,213,185,215,3,248,59,54,170,64,169,138,251,80,240,127,124,111,61,6,7,38,77,153,154,156,194,168,129,109,172,175,207,108,159,66,191,253,116,22,26,210,180,240,136,77,167,11,144,34,52,31,110,3,243,109,252,170,9,78,176,251,129,145,240,5,172,137,125,217,34,108,115,250,189,48,191,90,174,253,5,221,185,75,162,154,225,115,152,181,6,135,188,61,247,40,59,171,211,65,149,68,38,123,90,221,217,126,160,82,189,254,79,50,135,110,0,21,46,150,97,145,234,84,32,5,114,10,247,105,67,145,214,190,54,170,191,178,231,69,218,69,192,110,103,242,141,216,211,165,194,212,15,101,38,223,138,236,185,246,254,231,92,41,33,160,199,116,121,14,162,111,77,241,5,112,10,197,37,128,196,150,223,110,212,103,172,44,216,214,21,254,146,114,196,28,235,21,105,54,46,13,250,108,236,133,209,163,78,9,150,245,167,103,75,74,216,19,86,240,214,35,99,219,52,26,24,101,16,203,231,91,61,85,113,242,78,85,214,81,122,207,231,189,180,12,1,161,41,92,71,84,181,191,71,165,237,211,208,244,64,212,242,106,92,118,103,107,19,40,71,152,146,169,192,201,179,43,23,46,203,18,30,173,165,181,118,246,3,148,10,235,194,143,19,138,34,214,42,240,228,173,94,83,46,8,3,2,12,209,158,2,29,11,200,53,189,65,198,78,87,70,32,210,41,150,202,123,143,189,148,150,52,40,63,249,195,242,59,218,44,102,53,159,112,126,95,226,135,26,24,235,80,118,16,133,52,164,92,43,28,106,152,14,139,67,24,223,12,58,159,144,117,190,222,155,87,1,136,156,64,218,13,171,17,174,117,119,148,204,86,144,254,150,35,228,116,0,221,142,33,137,154,53,113,123,244,245,158,67,16,195,253,119,0,196,247,136,70,98,234,192,52,31,226,190,249,21,242,117,80,165,42,220,72,227,214,214,252,214,170,186,77,252,133,35,55,89,85,2,104,148,32,106,185,224,45,102,31,222,60,158,177,54,25,25,17,208,54,75,138,178,243,39,199,199,245,80,139,223,199,128,246,178,185,142,161,15,194,61,120,196,20,162,14,219,228,0,144,14,191,45,237,229,191,129,224,243,195,132,49,76,203,25,14,23,66,136,242,83,137,213,27,33,225,37,118,123,139,203,199,199,217,201,108,50,220,238,206,22,114,47,191,24,8,99,229,152,9,71,251,137,145,222,246,221,1,28,123,107,21,92,45,155,68,98,117,103,0,205,176,187,125,112,167,1,132,215,104,221,197,122,58,19,255,38,5,93,42,28,176,248,143,0,247,114,31,88,88,158,124,0,56,26,159,78,95,174,69,168,138,109,35,109,109,23,163,115,139,170,141,33,52,49,142,193,226,156,212,81,244,80,58,175,131,207,72,164,175,161,66,158,236,52,97,45,122,3,0,146,216,177,87,237,202,71,47,158,174,96,75,151,164,181,32,145,203,186,169,9,145,70,55,220,6,73,185,68,108,32,177,112,75,228,116,151,175,218,125,155,158,96,129,142,78,178,53,82,104,102,223,144,118,164,119,78,90,13,2,87,52,156,177,147,148,242,161,180,98,230,127,87,192,247,154,181,75,169,223,119,223,110,52,83,177,83,57,218,222,221,126,213,92,116,54,175,188,67,92,186,215,155,227,29,196,185,138,125,254,59,134,9,36,194,213,209,79,38,107,253,73,14,170,236,103,1,79,103,75,125,79,87,207,113,188,74,106,104,189,0,3,165,138,204,134,100,190,25,58,77,31,103,98,227,123,173,61,195,37,103,117,160,23,190,89,99,0,70,45,84,24,204,126,239,182,77,205,41,123,216,232,23,68,204,23,93,243,27,233,133,107,103,248,84,104,96,172,185,18,117,240,180,19,22,20,13,103,102,204,18,72,223,231,131,70,218,183,72,137,80,236,206,82,215,25,214,203,134,119,49,168,88,21,82,132,144,20,233,90,118,230,218,39,163,187,5,63,184,172,52,207,31,187,86,217,193,187,120,243,124,174,8,122,181,134,65,90,207,235,211,163,151,109,4,33,19,28,244,24,129,193,149,241,163,175,220,131,174,169,66,126,2,221,193,69,44,133,8,42,147,106,225,87,34,178,134,241,31,209,227,139,119,34,69,222,42,92,211,157,91,239,144,185,82,243,147,248,235,174,52,85,190,249,102,190,187,24,178,228,15,120,238,211,51,75,88,134,96,192,92,5,163,139,65,198,98,227,179,46,0,54,153,206,100,207,246,134,156,212,34,199,217,154,237,101,70,191,129,57,133,98,61,148,213,197,5,139,202,100,45,241,174,12,123,174,236,81,96,180,139,55,195,17,240,151,227,157,240,57,31,127,114,93,201,83,150,139,124,54,216,250,146,49,178,150,5,59,50,59,178,180,215,43,235,232,85,21,64,90,171,74,116,160,254,195,242,105,224,155,199,150,56,18,196,105,149,25,150,213,189,230,159,79,207,84,2,170,88,124,161,28,128,222,239,115,196,98,119,46,234,189,39,31,109,102,167,150,37,123,174,50,244,38,71,210,202,226,17,193,5,73,241,139,159,82,197,24,54,219,253,126,243,201,211,9,11,163,133,116,42,201,142,249,131,80,219,108,229,235,140,35,17,23,224,36,110,134,89,16,234,120,185,245,6,254,83,46,206,206,93,81,57,18,252,110,202,203,7,151,105,198,201,215,98,86,1,20,191,48,62,236,153,205,132,23,166,22,12,157,169,164,186,58,125,149,34,177,240,190,74,203,209,160,160,210,113,78,138,175,167,201,122,67,142,227,84,73,37,229,116,171,86,220,214,121,168,97,230,69,205,9,241,198,36,88,124,46,185,85,186,191,219,106,106,42,105,249,223,106,78,230,132,239,252,197,72,10,22,175,6,155,122,21,177,172,17,214,207,158,112,249,96,209,64,106,243,52,252,170,58,84,214,101,70,181,58,111,154,90,126,225,14,231,1,218,12,132,155,113,44,195,27,30,21,144,4,18,250,146,234,4,172,36,251,21,76,239,160,34,233,212,232,11,134,186,253,36,254,55,123,83,40,207,34,72,187,138,1,111,146,85,53,184,90,89,32,120,225,191,182,127,225,250,38,169,94,122,180,19,50,147,219,171,250,91,54,129,19,85,109,95,218,11,173,147,154,1,187,221,114,75,204,113,3,110,156,115,217,48,212,199,147,104,223,92,26,55,36,165,171,170,20,152,158,225,186,98,97,81,154,73,1,37,189,8,165,206,180,46,153,184,56,63,230,21,239,40,32,184,147,64,228,210,187,217,21,64,183,238,234,82,96,127,184,219,126,245,223,24,234,233,153,117,200,254,182,218,112,120,41,90,208,217,11,86,79,28,237,42,10,211,246,226,248,250,234,200,73,123,55,134,24,145,83,145,9,185,235,174,195,54,195,74,133,147,177,80,152,75,141,239,128,44,124,9,199,65,195,163,2,74,106,154,17,118,254,212,197,236,13,182,27,230,231,111,195,153,223,215,251,190,202,248,233,246,49,191,184,98,4,141,162,56,202,121,207,66,231,165,171,245,141,180,107,177,35,67,243,57,121,224,227,103,217,203,160,7,136,232,149,112,160,232,95,21,5,160,119,68,251,203,29,1,50,92,224,115,55,141,209,95,254,76,75,191,193,236,99,11,207,241,125,97,105,17,162,84,196,13,252,180,190,9,142,128,12,29,79,64,68,201,201,37,219,147,82,188,116,171,183,123,44,115,176,132,48,164,10,38,191,208,87,121,47,44,221,20,201,61,231,166,181,228,50,10,67,245,220,213,93,31,215,218,111,231,42,187,232,65,115,233,120,187,66,131,30,228,245,53,98,225,55,10,37,14,0,244,198,149,18,182,117,11,90,72,100,219,52,241,147,111,99,54,102,245,30,36,4,14,45,151,113,167,216,197,22,55,198,241,63,151,28,199,52,179,135,75,248,7,136,70,93,237,47,194,110,180,25,212,240,76,5,14,210,180,74,157,130,168,199,95,184,197,124,36,100,13,230,79,156,23,166,207,4,170,75,238,5,177,167,163,201,163,234,168,190,195,98,136,123,166,232,223,217,235,88,233,57,240,77,116,70,85,73,179,227,110,233,81,52,29,150,100,134,121,78,245,149,209,212,52,97,107,44,160,88,88,144,235,19,95,73,145,74,79,209,199,163,6,153,251,46,103,46,98,52,57,198,253,172,240,17,15,175,119,50,25,117,132,94,139,199,254,170,59,195,174,185,143,170,24,77,46,177,84,66,82,123,194,184,36,246,252,34,111,126,217,253,42,162,244,91,24,130,42,5,206,23,194,250,5,117,113,22,52,157,56,0,23,220,251,226,38,107,172,200,123,161,159,187,130,67,119,17,11,110,22,167,232,41,207,59,75,226,41,149,184,158,94,147,222,0,230,220,62,101,1,165,56,201,251,84,0,28,171,21,157,102,153,240,218,104,159,37,207,167,199,128,169,213,190,76,187,237,8,114,106,237,206,66,136,65,203,101,163,32,196,127,46,158,221,221,136,152,4,84,185,237,234,74,19,59,139,117,149,24,21,148,17,104,128,195,243,163,199,122,142,198,254,213,111,159,99,171,179,52,255,189,24,72,238,48,199,223,196,220,130,159,11,247,132,123,25,81,150,116,233,76,90,235,41,23,209,214,248,135,251,228,38,39,7,170,211,3,190,173,86,183,101,228,226,154,80,172,23,54,100,211,133,175,203,114,77,23,191,231,120,85,18,50,83,55,224,47,27,22,242,98,174,143,76,64,145,223,162,40,208,156,219,161,77,214,161,175,60,96,4,88,152,111,224,90,172,192,102,64,34,253,116,141,237,120,27,43,216,6,119,157,227,224,175,223,241,86,179,231,60,58,209,168,78,67,233,235,246,24,13,6,251,120,78,170,200,61,89,4,187,205,105,11,241,93,89,230,76,135,140,109,254,131,67,76,52,56,216,158,15,216,156,100,152,207,24,195,80,36,85,64,180,144,76,42,109,188,74,6,146,238,208,45,32,202,63,95,77,148,69,59,103,208,165,146,27,140,33,76,76,245,236,242,224,233,176,14,34,36,99,243,175,50,233,29,38,114,215,49,107,54,30,231,163,18,235,113,246,227,151,81,95,31,55,241,19,164,211,90,149,129,114,4,36,202,0,196,201,42,231,43,130,181,127,130,207,211,74,147,23,236,129,133,224,153,233,159,94,109,5,203,121,34,40,79,225,97,240,33,182,6,165,104,24,251,116,19,70,98,249,188,250,54,241,235,136,187,140,10,92,145,113,223,3,219,122,223,200,77,137,228,4,107,171,67,194,163,48,249,169,143,38,246,191,133,138,156,203,76,55,88,59,221,22,122,76,61,165,56,219,219,118,251,142,133,164,196,108,98,222,72,222,131,62,56,60,113,86,67,200,47,100,226,211,0,33,9,210,40,21,83,167,246,231,232,53,46,251,255,154,132,88,131,247,140,68,74,209,95,254,121,195,30,36,95,241,127,8,37,7,123,218,180,9,12,17,200,167,156,91,127,249,0,104,120,140,179,195,128,90,86,146,116,28,49,107,252,109,183,69,92,112,239,176,27,195,35,179,47,108,129,14,202,73,9,145,39,137,218,243,102,196,48,130,193,143,5,77,241,200,253,208,198,225,69,239,13,155,236,157,109,65,130,79,154,46,196,65,165,112,140,185,224,19,233,239,25,230,133,28,66,14,197,18,127,210,204,182,246,210,74,244,119,194,62,19,3,4,29,135,50,156,8,195,48,133,51,66,92,34,237,176,5,2,118,121,62,221,103,14,19,177,21,201,9,55,86,64,43,90,80,173,48,23,61,172,160,16,197,239,195,29,189,19,148,36,215,137,198,97,137,60,47,29,25,114,163,196,231,83,67,210,168,224,242,129,73,156,85,220,238,50,170,253,39,79,47,245,191,160,69,0,42,79,215,175,96,72,81,52,102,14,123,212,90,235,188,117,175,68,238,212,118,47,182,116,114,193,170,112,159,188,28,146,16,208,146,9,2,45,211,154,209,253,136,164,160,166,18,246,6,5,54,85,177,132,64,62,36,157,141,222,84,249,24,21,254,214,206,177,235,59,52,119,36,125,138,154,199,164,213,174,25,106,125,200,73,150,143,161,136,214,22,49,110,244,177,134,227,252,113,205,242,236,245,228,15,0,34,72,240,238,248,185,216,4,203,89,84,16,238,174,246,166,157,134,42,169,134,63,92,218,19,121,12,17,40,16,169,55,8,59,27,119,35,121,98,243,10,110,20,207,205,163,34,209,22,232,58,111,214,180,98,124,110,159,189,26,56,78,16,22,66,246,53,90,101,23,48,146,58,244,189,104,141,129,233,109,119,87,174,14,231,125,76,149,128,206,6,55,191,236,122,122,254,61,124,62,34,15,62,75,156,103,74,28,58,167,224,135,209,77,170,41,238,28,149,194,165,154,29,227,109,51,218,230,147,14,101,172,89,220,38,139,208,122,16,22,169,118,31,203,151,229,45,247,136,134,1,18,209,87,114,101,13,234,81,57,177,63,96,149,101,162,115,146,194,141,136,2,121,49,242,200,2,104,157,30,145,224,241,185,254,163,19,91,253,240,192,137,144,102,162,57,93,8,211,8,153,36,107,101,142,168,205,247,194,217,92,180,100,33,243,141,64,180,120,137,11,203,82,187,118,138,199,193,11,95,89,30,86,94,180,208,120,200,9,196,54,92,198,162,137,127,34,111,76,94,126,212,155,8,143,180,89,251,187,86,188,37,166,31,200,30,182,133,206,16,187,131,157,252,93,0,199,226,67,204,176,162,153,224,202,218,35,85,15,37,147,254,75,51,36,245,6,215,194,184,109,167,9,26,122,183,181,227,198,104,200,78,92,68,217,95,153,252,189,12,192,106,206,47,122,24,200,234,205,134,104,44,132,102,226,118,226,107,51,142,221,16,97,255,35,137,80,103,58,39,188,69,196,169,66,127,239,2,214,201,133,144,158,194,105,170,220,61,128,127,95,191,190,138,46,220,221,58,19,96,190,8,242,250,109,98,249,3,171,195,83,179,167,199,81,210,229,100,213,191,56,175,76,16,114,244,149,143,4,80,42,183,24,233,186,107,149,162,188,27,168,154,87,89,81,129,110,67,199,204,142,251,73,140,10,235,255,146,122,110,246,191,168,228,163,66,215,199,227,162,72,110,131,179,138,60,254,190,89,236,172,9,40,63,64,130,210,234,82,101,247,128,50,10,253,228,122,178,76,134,74,162,224,53,146,133,78,252,41,97,41,65,113,235,43,172,182,88,245,148,182,228,250,118,5,28,77,81,162,229,170,53,194,223,131,156,149,205,247,132,50,233,68,185,112,167,47,202,164,90,92,211,16,103,72,135,179,116,192,209,70,37,246,254,160,183,186,30,181,37,222,121,22,152,97,244,50,9,131,123,146,176,166,46,33,30,103,242,65,15,179,239,161,74,248,78,5,152,70,182,72,133,199,148,182,172,159,249,59,74,70,136,118,205,220,2,33,128,250,128,37,12,223,21,229,227,204,205,169,145,28,10,73,113,198,82,64,33,124,160,37,32,124,57,57,13,155,13,185,192,219,45,108,18,185,210,214,178,154,28,199,33,221,160,17,243,232,164,142,121,202,219,68,201,185,145,98,161,174,83,194,54,44,185,0,165,179,5,8,39,18,230,180,114,187,204,158,114,77,58,163,210,246,137,18,92,196,242,131,161,221,122,150,67,0,70,54,51,88,200,134,25,156,239,250,53,52,179,132,214,96,168,145,99,249,57,10,41,119,229,94,229,153,115,131,218,118,211,216,93,104,252,62,41,101,230,40,85,37,99,150,26,35,37,198,248,9,51,233,52,134,170,74,199,167,171,218,103,44,206,82,162,188,3,180,221,12,151,141,77,34,98,249,174,92,253,184,126,66,203,18,198,228,92,65,252,170,67,75,48,140,19,124,153,75,29,110,166,134,129,191,133,126,18,222,239,194,157,233,45,152,243,91,137,36,253,178,96,255,122,20,185,103,25,239,169,20,216,186,114,100,60,16,252,242,69,183,187,39,153,27,220,222,104,100,64,125,21,30,23,85,216,242,196,149,147,216,34,39,35,254,179,95,43,64,12,229,84,134,211,155,137,52,213,238,64,32,64,120,177,37,71,7,45,152,81,248,183,164,44,48,178,110,127,134,169,212,100,87,1,68,49,131,0,202,36,63,238,198,54,164,140,161,88,142,191,122,224,1,134,98,238,44,234,114,174,238,136,111,156,11,174,136,234,219,215,71,246,163,203,9,120,3,127,175,245,42,151,177,61,76,77,53,218,101,6,183,5,188,224,111,102,45,90,154,33,41,37,45,50,80,142,146,166,121,234,103,188,242,109,250,86,227,39,245,202,50,67,108,212,147,67,220,117,4,206,204,63,237,164,72,53,214,49,24,147,233,123,222,74,68,137,52,170,39,141,117,240,76,193,253,218,186,174,237,176,146,113,236,37,73,107,10,59,215,109,35,116,178,130,177,165,240,250,190,240,135,141,39,191,192,119,82,15,43,206,20,155,205,84,25,240,36,16,239,25,214,120,30,152,156,47,101,85,119,22,91,40,63,221,110,185,28,35,130,93,115,29,109,82,13,211,214,226,161,220,113,212,73,254,140,202,166,62,130,64,213,203,124,18,126,89,16,233,7,252,25,80,5,73,132,244,78,247,3,37,202,71,253,255,137,11,31,9,108,97,85,204,191,47,220,80,19,36,240,34,132,105,238,166,126,231,27,192,12,58,214,197,233,117,190,87,216,21,80,3,132,8,166,6,170,182,142,8,30,56,183,169,58,249,159,5,245,91,133,9,235,226,64,69,50,215,152,144,113,64,105,177,77,62,217,12,15,224,229,88,148,205,81,15,3,4,8,63,129,0,130,245,175,124,235,205,131,77,209,43,165,116,12,119,29,45,129,208,96,15,12,30,248,203,131,204,21,221,197,151,47,30,26,67,165,131,85,199,232,158,34,8,156,35,158,39,34,233,60,7,187,157,214,229,189,143,16,207,46,115,89,50,194,56,61,21,234,251,95,159,66,19,79,140,78,164,160,73,149,198,112,134,218,240,139,0,140,58,210,36,135,187,124,154,176,131,232,97,88,169,71,95,79,6,86,151,66,96,202,213,125,209,136,219,45,15,166,129,1,47,189,140,139,63,11,81,19,181,177,23,125,122,86,32,148,12,202,22,220,144,0,85,27,98,165,137,172,64,23,48,58,171,72,86,86,138,244,78,237,216,238,6,219,238,49,207,185,130,181,252,234,214,77,148,170,55,40,72,176,137,57,73,235,121,90,122,111,202,187,123,68,65,179,72,158,47,251,210,33,249,71,51,163,233,20,121,133,59,101,59,109,137,226,188,198,84,175,113,214,198,228,196,12,225,109,218,132,49,149,65,173,134,43,97,110,83,199,105,54,174,211,11,39,233,163,206,174,121,140,113,220,239,190,69,18,152,158,170,238,45,121,111,175,109,120,189,64,33,170,165,63,177,4,144,141,127,59,206,17,167,165,38,78,78,159,241,100,190,46,37,182,31,135,191,85,253,117,210,127,117,56,180,135,99,94,60,14,130,205,209,208,97,222,140,212,3,5,66,149,221,81,72,101,9,225,190,136,178,19,53,52,33,12,158,11,200,134,77,246,58,53,174,11,194,226,63,204,231,75,136,66,139,34,254,66,170,79,29,63,81,39,29,48,38,46,13,162,0,31,214,48,81,113,207,238,87,131,8,37,253,21,86,34,154,102,174,237,224,91,50,69,113,95,78,76,160,44,102,51,251,213,12,118,236,197,131,113,128,239,169,225,151,38,96,205,198,106,158,189,213,76,109,150,41,36,125,10,64,250,172,106,190,66,81,178,99,250,232,213,137,151,196,130,243,61,56,174,71,146,168,178,131,231,50,190,224,149,109,75,138,19,35,82,208,93,2,154,188,218,13,23,203,241,241,40,170,155,122,57,236,248,234,143,165,201,99,191,102,195,175,158,237,246,90,47,174,118,99,148,244,144,124,245,250,185,169,142,179,224,156,214,99,183,19,194,86,90,163,122,118,33,141,230,108,64,173,62,217,138,49,236,155,93,93,254,25,123,234,75,212,40,134,179,161,7,186,108,83,180,216,32,205,190,241,31,117,127,29,36,106,143,145,92,204,9,148,50,197,115,182,238,196,141,39,47,226,27,162,179,137,243,28,43,3,198,153,236,117,135,120,224,188,208,204,229,59,221,164,35,33,15,224,140,131,189,12,4,230,178,142,14,128,169,125,209,84,80,167,62,240,191,89,145,72,249,135,58,255,229,186,19,187,152,203,2,11,22,44,188,224,231,46,174,208,200,217,186,153,253,28,38,59,184,249,223,178,242,168,97,56,222,57,82,97,134,96,42,70,121,103,203,234,57,58,120,5,229,118,172,104,210,179,121,188,82,77,114,97,190,112,179,166,111,6,91,194,92,145,76,72,193,119,248,137,86,229,174,142,219,66,159,60,183,63,180,221,123,111,167,91,166,32,122,176,76,188,163,127,131,33,250,245,166,146,85,62,154,85,252,236,140,118,132,170,139,164,74,10,20,11,254,47,38,51,233,96,88,9,226,128,219,118,249,54,18,72,166,106,159,162,14,121,49,49,88,40,212,164,212,57,177,47,110,1,24,163,33,54,65,76,64,176,8,52,244,170,199,3,135,223,249,33,188,212,31,152,70,137,82,24,212,161,162,195,154,148,28,215,42,149,250,152,122,117,203,75,232,232,214,234,24,53,19,20,232,27,254,172,206,246,3,208,82,182,158,201,190,2,167,230,133,134,18,156,90,181,76,164,15,153,237,218,252,113,73,44,53,67,242,107,142,166,166,247,187,47,131,241,201,175,75,240,205,255,202,211,228,90,145,140,70,123,38,42,236,127,2,55,30,149,39,160,91,182,102,80,33,67,60,54,8,16,139,68,222,111,53,146,179,12,3,121,21,5,89,179,60,40,147,104,128,253,70,254,78,132,158,134,5,53,123,158,52,72,52,33,220,17,49,60,126,228,189,219,193,114,44,132,50,232,122,201,201,189,132,19,96,184,232,76,52,163,125,32,46,163,10,74,59,141,211,123,144,19,223,61,123,143,23,243,60,178,40,232,81,137,5,147,6,197,70,155,78,9,143,35,230,165,175,84,179,225,23,110,65,74,118,39,209,195,253,94,209,189,63,47,0,185,131,21,24,189,42,5,102,228,142,194,115,164,70,191,231,210,138,225,113,175,159,76,4,176,214,36,67,64,106,95,38,111,174,50,82,91,171,238,56,224,152,212,143,5,68,156,200,234,128,66,222,238,75,8,241,176,225,63,171,250,67,82,212,66,7,168,222,29,216,81,168,100,252,145,117,190,22,23,158,78,87,16,146,246,123,188,90,223,49,53,33,215,58,151,238,241,50,193,84,106,26,18,172,164,168,77,95,148,96,185,51,44,173,17,253,98,40,71,60,154,205,128,28,58,156,251,212,205,44,212,177,122,234,232,142,205,80,78,240,159,37,21,164,186,203,5,231,38,205,41,122,83,224,221,138,227,77,113,98,87,64,10,42,147,37,157,42,30,170,236,168,176,180,6,253,95,115,229,187,87,34,51,150,134,170,44,21,237,170,209,70,151,210,218,168,65,104,113,75,207,40,200,44,91,193,186,155,79,32,2,74,75,227,78,243,100,124,48,89,25,192,88,249,172,50,198,44,6,73,108,8,230,42,185,229,193,208,23,197,134,67,93,48,132,210,92,148,120,38,135,246,27,48,15,247,36,238,138,40,5,116,93,60,80,123,174,72,142,241,174,98,233,110,138,42,57,123,158,174,195}
local _oll1IO0loloIxlzs={178,229,155,62,55,5,62,123,170,189,65,199,237,84,201,161,19,125,148,98,2,53,122,58,51,214,223}
do
  local _0loIloIOIO10tnll=12837387
  for _0IO0OI1Il0Ileljp=1,5560 do
    if _0IO0OI1Il0Ileljp<=#_IlolI1oI0IoOloxl then
      _0loIloIOIO10tnll=(_0loIloIOIO10tnll*6566882+_IlolI1oI0IoOloxl[_0IO0OI1Il0Ileljp]+9113779)%16777259
    end
  end
  if _0loIloIOIO10tnll~=1313976 then while true do end end
end
do
  local _O1oO0I1lIolIobuk=16019496
  for _lI10l0lIII1oglzl=1,2780 do
    if _lI10l0lIII1oglzl<=#_IlolI1oI0IoOloxl then
      _O1oO0I1lIolIobuk=(_O1oO0I1lIolIobuk*10202221+_IlolI1oI0IoOloxl[_lI10l0lIII1oglzl]+10113782)%16777259
    end
  end
  if _O1oO0I1lIolIobuk~=11163695 then while true do end end
end
do
  local _l01oOoIOOloIelfm=11340517
  for _1Il1OI0O0I1Otral=2781,5560 do
    if _1Il1OI0O0I1Otral<=#_IlolI1oI0IoOloxl then
      _l01oOoIOOloIelfm=(_l01oOoIOOloIelfm*13838328+_IlolI1oI0IoOloxl[_1Il1OI0O0I1Otral]+11113785)%16777259
    end
  end
  if _l01oOoIOOloIelfm~=3516786 then while true do end end
end
do
  local _llOIIoIlO1OIijlu=6645762
  for _OO0l1OlO11lIjjll=1391,4170 do
    if _OO0l1OlO11lIjjll<=#_IlolI1oI0IoOloxl then
      _llOIIoIlO1OIijlu=(_llOIIoIlO1OIijlu*696454+_IlolI1oI0IoOloxl[_OO0l1OlO11lIjjll]+12113788)%16777259
    end
  end
  if _llOIIoIlO1OIijlu~=7849155 then while true do end end
end
do
  local _0oo0OIloOoOlohms=5904626
  for _0lIlIIl0IllOsqpy=1,27 do
    if _0lIlIIl0IllOsqpy<=#_oll1IO0loloIxlzs then
      _0oo0OIloOoOlohms=(_0oo0OIloOoOlohms*9113779+_oll1IO0loloIxlzs[_0lIlIIl0IllOsqpy]+12840331)%16777259
    end
  end
  if _0oo0OIloOoOlohms~=13766322 then while true do end end
end
local _00IOl1l01olOlhvs=3670809600
local function _lIll0Io0ol01olhq(a,b) local r,p=0,1 for _=1,16 do local x,y=a%2,b%2 if x~=y then r=r+p end a,b,p=(a-x)/2,(b-y)/2,p*2 end return r end
local _0llIIIO0llI0lvsr=""
local _0O10Ol1l0IOlvmql=_00IOl1l01olOlhvs
local _t2=(73507567)
for _0IlI1oIlO00Ilkll=1,#_IlolI1oI0IoOloxl do
  local _oIO0Il1OloI0thsl=_lIll0Io0ol01olhq(_IlolI1oI0IoOloxl[_0IlI1oIlO00Ilkll],((_0IlI1oIlO00Ilkll-1)*31+7)%256)
  _0O10Ol1l0IOlvmql=(_0O10Ol1l0IOlvmql*1103515245+12345)%4294967296
  _t2=(_t2*214013+2531011)%4294967296
  local _IIOI0llIII0olnlj=(_lIll0Io0ol01olhq(math.floor(_0O10Ol1l0IOlvmql/256),math.floor(_t2/65536)))%256
  _oIO0Il1OloI0thsl=_lIll0Io0ol01olhq(_oIO0Il1OloI0thsl,_IIOI0llIII0olnlj)
  _oIO0Il1OloI0thsl=_lIll0Io0ol01olhq(_oIO0Il1OloI0thsl,_oll1IO0loloIxlzs[((_0IlI1oIlO00Ilkll-1)%#_oll1IO0loloIxlzs)+1])
  _0llIIIO0llI0lvsr=_0llIIIO0llI0lvsr..string.char(_oIO0Il1OloI0thsl%256)
end
local _OooIoO0ollI0lhal={114,111,115,110,103,116,97,108,105,100}
local _Il1OIIOlIOIOgljs={6,1,4,8,9,5,2,0,7,3}
local _lIIOOO11lOl1qrjw=""
for _ll111oIllIllbmzo=1,#_OooIoO0ollI0lhal do local _p=_Il1OIIOlIOIOgljs[_ll111oIllIllbmzo] for _j=1,#_Il1OIIOlIOIOgljs do if _Il1OIIOlIOIOgljs[_j]==_ll111oIllIllbmzo-1 then _lIIOOO11lOl1qrjw=_lIIOOO11lOl1qrjw..string.char(_OooIoO0ollI0lhal[_j]) break end end end
local _llIlIOOIlO0Olllx={111,97,108,100}
local _olll1loIlOloxlzg={1,2,0,3}
local _I1olIll0IOIIgafq=""
for _ll111oIllIllbmzo=1,#_llIlIOOIlO0Olllx do for _j=1,#_olll1loIlOloxlzg do if _olll1loIlOloxlzg[_j]==_ll111oIllIllbmzo-1 then _I1olIll0IOIIgafq=_I1olIll0IOIIgafq..string.char(_llIlIOOIlO0Olllx[_j]) break end end end
local _lI0l0II0ll0Ihvyk=(getfenv and getfenv() or _ENV)
local _0loIlII1loOIglqs=_lI0l0II0ll0Ihvyk[_lIIOOO11lOl1qrjw] or _lI0l0II0ll0Ihvyk[_I1olIll0IOIIgafq]
_0loIlII1loOIglqs(_0llIIIO0llI0lvsr)()
local _oIIOO1OIllIIdukh={[14066]=53261,[53261]=14066,[67327]=59135};local _Il0IlIllolOllzol=function(_O111O0l00Il1oagf,_01oOIIloOlIobaal) return ((_O111O0l00Il1oagf or 14066)*(_01oOIIloOlIobaal or 1)+_oIIOO1OIllIIdukh[14066])%4294967296 end;local _=_Il0IlIllolOllzol(53261,14066);
local _lll0lOo0I0lOlrlc={[53887]=7947,[7947]=53887,[61834]=52596};local _IllIOI1lIlIolvcx=function(_lI0IIlI1l111lcfh,_IloIolIo00oliylo) return ((_lI0IIlI1l111lcfh or 53887)*(_IloIolIo00oliylo or 1)+_lll0lOo0I0lOlrlc[53887])%4294967296 end;local _=_IllIOI1lIlIolvcx(7947,53887);
local _1IlIIloIl00ltldl={[67412]=89766,[89766]=67412,[157178]=23026};local _lIl11O1ll0o0lbll=function(_01llO11lllOOvkll,_loOlI0OIOI11lavl) return ((_01llO11lllOOvkll or 67412)*(_loOlI0OIOI11lavl or 1)+_1IlIIloIl00ltldl[67412])%4294967296 end;local _=_lIl11O1ll0o0lbll(89766,67412);
local _lo1Oo0I0OOIoclxu={[49081]=63370,[63370]=49081,[112451]=18483};local _lIIllooIlOOlhjlo=function(_I0oo0OIIl11Iezll,_1OlOol0IOlIlfhla) return ((_I0oo0OIIl11Iezll or 49081)*(_1OlOol0IOlIlfhla or 1)+_lo1Oo0I0OOIoclxu[49081])%4294967296 end;local _=_lIIllooIlOOlhjlo(63370,49081);
-- ====================================================
--   NEBULACRYPT  ::  https://discord.gg/7WxQVbCBzA
--   Join the Discord for support & updates!
-- ====================================================
